method,sim_index,Lx_id,Ldc3_id,M3_width,CB,Cs,Cm,phase,PAE_percent,Psat_dBm,OP1dB_dBm,Gain_dB,PDC_total_mW,VDS_peak_M3_V,minKf,HB_converged_flag,VDS_min_M3_V,feasible,cum_feasible,cum_hv
qNEHVI-RFloop-seed808,1,Lx_10,Ldc3_1,999.3049733,17.457,18.183,33.588,lhs,24.84952147381661,18.964651936726227,15.933430771760753,37.51616145705611,315.0472786338099,3.1242628737668308,25.76136786638142,1.0,0.1190562441503703,True,1,471.2625255451361
qNEHVI-RFloop-seed808,2,Lx_6,Ldc3_1,1157.580073,4.096,22.162,22.385,lhs,26.22362924675692,18.11545037579507,15.069775876327151,35.222618361342995,245.88244551244912,3.54238139662106,15.674018579767424,1.0,0.1115287288835406,False,1,471.2625255451361
qNEHVI-RFloop-seed808,3,Lx_11,Ldc3_6,707.5621491,11.847,6.739,9.418,lhs,15.86341856924145,13.170785719309489,9.08526320537086,33.96638402530192,99.22840409687488,3.791303380505063,9.753531005151483,1.0,0.0176962619276514,False,1,471.2625255451361
qNEHVI-RFloop-seed808,4,Lx_13,Ldc3_10,1012.748238,29.727,5.748,32.936,lhs,2.2697339140537056,7.078572379527031,2.338367269029093,26.215461167184515,210.9121399145513,2.9773969090714427,27.0260250026254,1.0,0.0639407013746135,False,1,471.2625255451361
qNEHVI-RFloop-seed808,5,Lx_10,Ldc3_8,1219.412986,26.946,30.635,31.988,lhs,12.999878932956165,14.825141159031666,10.043545013848584,32.53609613094383,231.2223103629045,2.8698350750964248,44.71360477262649,1.0,0.0399620277312504,False,1,471.2625255451361
qNEHVI-RFloop-seed808,6,Lx_13,Ldc3_8,797.9147177,30.681,25.324,22.296,lhs,18.61903653215647,14.344071447917251,9.866223920966748,35.222535882848945,143.8944686392943,3.0719700096507374,21.19203596733545,1.0,-0.0486244071270641,False,1,471.2625255451361
qNEHVI-RFloop-seed808,7,Lx_14,Ldc3_14,817.7477802,19.386,14.313,14.937,lhs,24.35157392662144,15.582522969131515,8.717808771082355,36.71485012389974,146.86476064653044,2.733065731298563,16.692288856615633,1.0,0.0158111867775475,False,1,471.2625255451361
qNEHVI-RFloop-seed808,8,Lx_12,Ldc3_3,929.0735373,13.262,32.018,11.042,lhs,31.733574025442834,17.164754140535727,13.3781290738647,36.26975329606488,161.5394015662308,3.5408567214498974,15.632113615413756,1.0,0.002699099635315,False,1,471.2625255451361
qNEHVI-RFloop-seed808,9,Lx_5,Ldc3_10,984.3205875,21.518,18.272,21.114,lhs,13.581587292711342,14.578110181531803,9.937029001289815,33.61925805506237,208.95266547863,3.0359895356640045,11.978866913052704,1.0,0.0606111797604707,False,1,471.2625255451361
qNEHVI-RFloop-seed808,10,Lx_1,Ldc3_16,989.062939,17.178,10.919,17.561,lhs,1.7337427796374556,4.749141338429233,4.030523695109433,20.46891127806138,149.19659852398257,2.190805664376397,25.519991463360284,1.0,0.0192574700169364,False,1,471.2625255451361
qNEHVI-RFloop-seed808,11,Lx_9,Ldc3_6,764.3824889,27.355,24.696,36.452,lhs,26.137678027076568,17.62865035262419,14.004558829445909,39.0677149948697,220.0913119845825,2.846483394105649,18.216801614886368,1.0,0.0499847355819358,False,1,471.2625255451361
qNEHVI-RFloop-seed808,12,Lx_14,Ldc3_12,1177.402766,11.14,27.718,8.961,lhs,12.641861239094592,13.531914190430758,4.363427916137806,31.26760011205753,175.89263067279026,2.916008962001525,31.83622391789464,1.0,0.0375472340704688,False,1,471.2625255451361
qNEHVI-RFloop-seed808,13,Lx_12,Ldc3_14,1279.626862,33.91,5.365,5.475,lhs,2.935898064098572,8.292454616127797,-1.5202226887722097,25.97638023483118,219.1106726193732,2.393105202157935,36.69654730041365,1.0,0.0508558631444398,False,1,471.2625255451361
qNEHVI-RFloop-seed808,14,Lx_6,Ldc3_5,757.3483933,30.35,13.044,37.603,lhs,7.443504236196063,11.772024686108276,8.467490363448112,32.30716044831873,197.7858912607028,3.242813954833044,9.912172530687094,1.0,0.062046808724431,False,1,471.2625255451361
qNEHVI-RFloop-seed808,15,Lx_3,Ldc3_12,1025.7769,2.492,26.863,35.11,lhs,16.17147998518476,14.95631947834394,7.766474309233669,33.584462647414945,191.63420449316328,2.9557473572268345,14.293859020435754,1.0,0.0160576347467285,False,1,471.2625255451361
qNEHVI-RFloop-seed808,16,Lx_2,Ldc3_11,848.3445998,6.358,10.583,24.186,lhs,3.078056434796037,7.072324978942785,1.4035410790988294,28.53691623031344,152.62647235087695,2.6715670884941503,10.033339248813869,1.0,0.0056910607277681,False,1,471.2625255451361
qNEHVI-RFloop-seed808,17,Lx_10,Ldc3_8,888.8447622,27.932,7.797,27.222,lhs,4.836554679781363,9.790217519870588,5.667088650466646,29.532177551345427,190.4705252330407,3.158124348558188,15.01633114284939,1.0,0.0516866834267372,False,1,471.2625255451361
qNEHVI-RFloop-seed808,18,Lx_4,Ldc3_14,1089.415994,3.051,9.38,14.787,lhs,3.0180871692079605,7.632179781624653,-1.6053490598194438,27.2135847539009,178.89108069058267,2.5826601175372983,15.776286231378355,1.0,0.0146309826807985,False,1,471.2625255451361
qNEHVI-RFloop-seed808,19,Lx_9,Ldc3_11,1072.283032,32.335,13.481,36.783,lhs,7.860200016374924,13.211006811321424,8.138503834039096,32.865871072973704,262.45836019095924,2.327223744185661,26.38036403782873,1.0,0.0974773310420112,False,1,471.2625255451361
qNEHVI-RFloop-seed808,20,Lx_7,Ldc3_8,1204.745475,9.77,10.255,6.507,lhs,9.122432728121971,12.881730339071272,7.7973380997336434,30.745114307420494,209.37798173098955,2.826907838191697,17.694641013213214,1.0,0.0330056455302333,False,1,471.2625255451361
qNEHVI-RFloop-seed808,21,Lx_16,Ldc3_17,748.2595563,9.547,12.978,19.812,lhs,26.72417899565983,14.543078466199688,5.769096214857635,36.09379882615319,104.63780293392914,2.953664504722667,20.06127163763937,1.0,9.009952478189476e-05,False,1,471.2625255451361
qNEHVI-RFloop-seed808,22,Lx_11,Ldc3_9,812.138221,10.452,23.091,10.145,lhs,38.060784858537794,17.220011879970592,12.419551647953323,37.58778508394761,137.69264820232468,3.2449758910684805,11.86316326212535,1.0,0.0188093866673962,False,1,471.2625255451361
qNEHVI-RFloop-seed808,23,Lx_8,Ldc3_16,783.4181409,26.313,7.202,16.076,lhs,3.1867888121928942,6.431242413390613,-0.0508642141399189,26.81786174614031,130.08345891754234,2.421779379683256,17.11586802244108,1.0,0.0243563480808176,False,1,471.2625255451361
qNEHVI-RFloop-seed808,24,Lx_9,Ldc3_12,1040.085387,12.403,5.468,8.566,lhs,5.241002852829347,8.812375648018842,0.0969136516022166,27.25864631805772,139.11832202255266,2.969797321222733,20.95819886369292,1.0,0.0079798126765968,False,1,471.2625255451361
qNEHVI-RFloop-seed808,25,Lx_6,Ldc3_17,689.0779584,21.033,7.063,28.133,lhs,2.4809103685936225,5.294435283964695,-1.729465958345687,27.1704463224805,126.28082212958232,3.0783521722921905,11.073912627456195,1.0,0.0062735101492166,False,1,471.2625255451361
qNEHVI-RFloop-seed808,26,Lx_13,Ldc3_7,773.5024058,20.703,11.509,19.411,lhs,28.781026773437507,17.35418448084298,13.769456897093129,38.19267205444546,187.5516619576523,2.9935501451211346,14.158375512659912,1.0,0.0526403019377679,False,1,471.2625255451361
qNEHVI-RFloop-seed808,27,Lx_7,Ldc3_4,1102.547234,28.634,21.659,18.309,lhs,21.835325884172548,17.462686249721358,14.2431146109779,35.29083483159995,253.8859360078399,3.08122377897717,16.252173606788595,1.0,0.1215156823126237,False,1,471.2625255451361
qNEHVI-RFloop-seed808,28,Lx_13,Ldc3_4,898.8489442,29.081,20.869,24.805,lhs,21.011497258583145,15.303222248250616,11.552945334114014,34.92481999070946,159.0004645685187,3.304067765153031,26.252780483156343,1.0,-0.0682713081653584,False,1,471.2625255451361
qNEHVI-RFloop-seed808,29,Lx_1,Ldc3_17,791.7381258,23.915,29.446,21.362,lhs,14.219744112800464,13.223817774971115,5.350469558642514,33.860854355638914,145.51338109817763,2.552166799681611,8.403057468951205,1.0,-0.0222510469516214,False,1,471.2625255451361
qNEHVI-RFloop-seed808,30,Lx_15,Ldc3_12,893.2153788,6.802,19.111,30.265,lhs,13.15864180669775,11.102131844539196,2.6944366536514663,30.565603402984248,95.54628195960822,3.4857954924265377,45.81923223574615,1.0,-0.0548473945164577,False,1,471.2625255451361
qNEHVI-RFloop-seed808,31,Lx_4,Ldc3_17,1180.679306,14.059,11.606,16.695,lhs,4.1411522374538885,8.677262917039418,-2.7304344539046133,25.95836996307063,168.4624387860369,2.2789937500408253,18.90965708199424,1.0,-0.0067593662498273,False,1,471.2625255451361
qNEHVI-RFloop-seed808,32,Lx_1,Ldc3_2,1243.220546,22.396,22.578,20.918,lhs,8.312908039030118,13.19081295873778,9.854332940894816,30.47662255935424,246.9963977247388,2.9989773569835627,12.203723097323063,1.0,0.0285211618370542,False,1,471.2625255451361
qNEHVI-RFloop-seed808,33,Lx_5,Ldc3_4,1131.81898,4.503,8.176,20.363,lhs,4.658711888060441,9.389918929708893,5.410450617178257,26.98050147974805,179.73239212099122,3.671969989663015,15.143479391152525,1.0,0.03411626635975,False,1,471.2625255451361
qNEHVI-RFloop-seed808,34,Lx_16,Ldc3_9,961.424609,22.489,16.035,36.251,lhs,5.395040825167447,8.910994828664077,3.421041093398653,28.063889476488605,138.384869019611,3.303413592682859,76.95467628145607,1.0,-0.0556529464700147,False,1,471.2625255451361
qNEHVI-RFloop-seed808,35,Lx_10,Ldc3_8,1080.756338,10.743,20.205,34.768,lhs,21.69386278118461,17.18616741194638,12.874146366949851,35.767564047646296,239.31076907822617,2.803914357603961,33.155354840120594,1.0,0.0570471723122294,False,1,471.2625255451361
qNEHVI-RFloop-seed808,36,Lx_13,Ldc3_16,1067.521436,5.903,28.443,6.129,lhs,16.013378849216824,12.804094037108053,12.516815291678942,23.68301866272968,117.12924915864689,2.7023978872286367,64.79044007826278,1.0,0.0251185969276459,False,1,471.2625255451361
qNEHVI-RFloop-seed808,37,Lx_2,Ldc3_7,646.8635997,33.553,17.543,5.874,lhs,13.388196601281832,13.683444941356049,10.406607590969012,36.083619012542215,172.5543001166272,2.9563663377990617,6.326703137228442,1.0,0.0431836763364869,False,1,471.2625255451361
qNEHVI-RFloop-seed808,38,Lx_16,Ldc3_4,881.3667441,8.104,25.163,5.171,lhs,12.915941005596082,14.531344300506996,10.330705872138552,33.993766419632635,142.36652238563775,3.8738015686551694,19.921623170712003,1.0,-0.100941452095737,False,1,471.2625255451361
qNEHVI-RFloop-seed808,39,Lx_4,Ldc3_8,703.1018266,22.026,25.76,35.417,lhs,13.86602939315058,14.841374126362066,11.442792105492192,36.20230307144849,217.5991877055292,3.030837097227835,7.911642038665736,1.0,0.0864572184514148,False,1,471.2625255451361
qNEHVI-RFloop-seed808,40,Lx_16,Ldc3_16,713.8087578,25.109,4.575,13.483,lhs,3.977569796013474,7.171559174720239,-3.288833285470624,29.45737646502442,127.0959290482208,2.392263413575613,21.87655486861422,1.0,0.0160297703396834,False,1,471.2625255451361
qNEHVI-RFloop-seed808,41,Lx_9,Ldc3_14,1188.911099,11.43,22.384,37.705,lhs,16.210780620018827,15.628999156898525,7.083599495711251,33.98500261707771,223.5230245036516,2.2308959685173857,45.09875317981869,1.0,0.0596856695063986,False,1,471.2625255451361
qNEHVI-RFloop-seed808,42,Lx_8,Ldc3_13,1162.405222,25.864,23.531,7.445,lhs,12.81942926589695,14.250361582465612,5.5679809093900525,32.597570943960775,205.10459264903704,2.5431753810991133,19.8945980521757,1.0,0.0670534746114246,False,1,471.2625255451361
qNEHVI-RFloop-seed808,43,Lx_1,Ldc3_17,977.6853609,26.401,11.013,20.284,lhs,1.6689840706541872,5.424229001089184,-3.856112267061728,26.248038591042977,185.0622583959208,2.323776740084816,15.068138586499558,1.0,0.0210856250664318,False,1,471.2625255451361
qNEHVI-RFloop-seed808,44,Lx_5,Ldc3_6,1144.664491,8.456,18.99,32.511,lhs,14.859198742229887,15.65718687455905,12.13305654754651,33.03359134623516,245.45624930762096,3.3080927552891173,16.319213922471736,1.0,0.0893568570983524,False,1,471.2625255451361
qNEHVI-RFloop-seed808,45,Lx_3,Ldc3_5,663.7777915,7.391,27.457,30.853,lhs,27.71070554943599,17.01235959857513,13.430629614125232,38.100888293574,163.29316159257405,3.297612834723012,6.972930056297091,1.0,0.0207455390750427,False,1,471.2625255451361
qNEHVI-RFloop-seed808,46,Lx_7,Ldc3_13,1062.058356,27.091,31.643,12.366,lhs,16.185840137984016,15.22652184838748,7.609391835719995,34.51171890542318,203.88018579469303,2.4688265615216425,18.13094169258186,1.0,0.075729210835279,False,1,471.2625255451361
qNEHVI-RFloop-seed808,47,Lx_3,Ldc3_9,832.7999684,15.168,4.277,17.198,lhs,1.415585617504932,3.3673818134188327,-1.5915214791527816,23.67852353888002,131.05275658242363,3.503550510072146,22.74295023800153,1.0,0.0040410506898018,False,1,471.2625255451361
qNEHVI-RFloop-seed808,48,Lx_9,Ldc3_3,802.744111,5.387,31.536,31.073,lhs,20.19846502899188,17.849350607545247,14.09054707775133,38.98819291084168,300.4851476751979,3.975561074959415,17.29524546162762,1.0,0.0879126956421527,False,1,471.2625255451361
qNEHVI-RFloop-seed808,49,Lx_12,Ldc3_2,871.4658653,19.263,29.832,4.646,lhs,23.296251291744824,16.19543501915312,12.453365806588,35.80682223676761,157.24105291258556,3.592969935039647,14.040661851125371,1.0,-0.0076088716447149,False,1,471.2625255451361
qNEHVI-RFloop-seed808,50,Lx_2,Ldc3_5,1209.730748,14.543,17.114,15.682,lhs,6.439504694585257,12.05662181663586,8.271573795015453,30.2203447984052,243.1679342137801,2.50399364578603,12.563103646535271,1.0,0.0214497352712734,False,1,471.2625255451361
qNEHVI-RFloop-seed808,51,Lx_15,Ldc3_7,668.5691646,25.515,26.081,9.963,lhs,24.36111569673469,14.580822949078156,10.651483499432944,36.7439063634793,116.23087952642588,3.274493858934429,12.585370558623604,1.0,-0.0470674430729382,False,1,471.2625255451361
qNEHVI-RFloop-seed808,52,Lx_11,Ldc3_6,843.0946348,27.875,32.281,33.438,lhs,18.82170480915256,14.488207249228047,10.546990176509766,34.73921890151357,145.98276944622185,3.2643807790409487,27.54072437914484,1.0,-0.0584831682441556,False,1,471.2625255451361
qNEHVI-RFloop-seed808,53,Lx_5,Ldc3_10,925.6550883,12.775,18.68,32.667,lhs,14.38919564866172,14.806009673642627,10.375911085589868,34.13849555620924,208.4212881844556,3.1477120736619915,12.38611215700951,1.0,0.0697648836963904,False,1,471.2625255451361
qNEHVI-RFloop-seed808,54,Lx_11,Ldc3_16,736.5353727,24.246,7.675,23.198,lhs,3.9455514837979218,7.402488412823556,-2.08067219541866,29.34597867666768,135.34404741822885,2.3500848596662003,15.856848293843422,1.0,0.0348249276194944,False,1,471.2625255451361
qNEHVI-RFloop-seed808,55,Lx_8,Ldc3_1,1031.651892,24.87,17.736,12.742,lhs,27.23948725531657,17.38109584875678,14.245800394202838,35.39419995393362,199.70703753290368,3.4770958005733554,13.297546041394956,1.0,0.0504912303708416,False,1,471.2625255451361
qNEHVI-RFloop-seed808,56,Lx_13,Ldc3_9,917.153292,18.685,6.572,15.351,lhs,9.807304361062428,12.21208440826965,7.388658576023885,31.59215048928266,166.46658090159934,3.293420096361188,17.042099830877522,1.0,0.0470163361949354,False,1,471.2625255451361
qNEHVI-RFloop-seed808,57,Lx_11,Ldc3_12,940.2592434,3.3,28.9,28.834,lhs,20.472195674442247,15.281135545053044,7.574833975130135,35.087983624631384,158.6474950619156,3.067449362491557,27.39996806195068,1.0,0.0106146966665922,False,1,471.2625255451361
qNEHVI-RFloop-seed808,58,Lx_15,Ldc3_15,673.3912057,4.626,19.386,14.454,lhs,29.053235366192144,15.172132002636472,7.82744269995136,37.50926025268058,95.99426045307484,3.3140838847611938,12.80342762207879,1.0,-0.0329530268224666,False,1,471.2625255451361
qNEHVI-RFloop-seed808,59,Lx_14,Ldc3_11,1148.05654,29.465,13.696,11.285,lhs,13.305291017436478,14.628947141519832,7.989265026793669,33.20397372081803,215.8311260016553,2.6063081323903274,28.42712025381881,1.0,0.0800843127626071,False,1,471.2625255451361
qNEHVI-RFloop-seed808,60,Lx_4,Ldc3_15,1083.11089,30.864,16.327,26.916,lhs,4.454875753513994,9.791412263347848,1.4216005885938734,28.84960858080145,206.84825445930704,2.546682180299802,14.450435297127775,1.0,0.0392103182774207,False,1,471.2625255451361
qNEHVI-RFloop-seed808,61,Lx_16,Ldc3_1,696.8505372,32.692,29.039,22.898,lhs,6.40045383913029,11.337761821112622,7.5786278657881,33.52974853239615,114.0209590326714,3.539095001399842,23.68257534196562,1.0,-0.1546301133863485,False,1,471.2625255451361
qNEHVI-RFloop-seed808,62,Lx_12,Ldc3_3,1258.664718,2.673,15.089,26.688,lhs,22.12899690704817,18.199703903987366,15.005425107607094,35.13731543820281,297.1151966231834,3.1562567335080267,34.941255507086645,1.0,0.1639601743796818,False,1,471.2625255451361
qNEHVI-RFloop-seed808,63,Lx_8,Ldc3_1,1010.191285,16.673,28.089,31.731,lhs,26.10253262120279,19.303167815193405,16.256738561214803,37.79248131824146,324.3927471252002,3.1844177572083745,21.93748166775057,1.0,0.1214265233715889,True,2,503.8615675886376
qNEHVI-RFloop-seed808,64,Lx_11,Ldc3_11,905.2608444,15.46,23.784,31.377,lhs,23.38630240829273,15.78004182137807,9.550573708072468,35.965051158742675,160.1215749247902,2.803961105666626,26.48258276748074,1.0,-0.0032528383248061,False,2,503.8615675886376
qNEHVI-RFloop-seed808,65,Lx_16,Ldc3_4,1051.406334,24.416,26.586,33.971,lhs,3.523533699650508,7.736665282883459,3.8532641366840106,25.973886900661007,159.55948761676586,3.545279212812616,90.93076377245252,1.0,-0.0713970021547373,False,2,503.8615675886376
qNEHVI-RFloop-seed808,66,Lx_6,Ldc3_11,642.6351488,31.54,17.046,7.246,lhs,19.17172901490572,14.53830491579845,10.072249432690173,36.79981676615167,146.9993782458426,2.741279632651725,7.181725589344016,1.0,0.021862473782793,False,2,503.8615675886376
qNEHVI-RFloop-seed808,67,Lx_5,Ldc3_6,944.2652923,30.018,8.842,35.648,lhs,2.6599186465424944,7.223514969254139,3.566330663120352,26.0167701033582,186.48464024085555,3.3923707422042035,13.0065519658276,1.0,0.041203852146827,False,2,503.8615675886376
qNEHVI-RFloop-seed808,68,Lx_1,Ldc3_13,825.6189782,20.279,6.238,16.295,lhs,1.5883028857518269,4.353658809573057,-2.351441199882929,25.480752852244272,151.65673561963592,3.0808001789223374,18.208433479006924,1.0,0.0050588961573075,False,2,503.8615675886376
qNEHVI-RFloop-seed808,69,Lx_7,Ldc3_5,859.7396177,23.552,32.684,8.115,lhs,31.48666422069077,17.126488952916993,13.330654309291385,36.783776158576,162.87427614169374,3.28265986758264,11.317688402406608,1.0,0.0196852862914514,False,2,503.8615675886376
qNEHVI-RFloop-seed808,70,Lx_3,Ldc3_14,914.28466,33.111,9.743,4.71,lhs,5.007187361816264,9.902598209598196,3.058601592104402,30.789212715263883,187.33297814737315,2.532510984212881,13.051215316642516,1.0,0.0492390096375362,False,2,503.8615675886376
qNEHVI-RFloop-seed808,71,Lx_3,Ldc3_3,659.1652491,15.103,32.824,9.507,lhs,19.57878101529872,16.21982547225729,13.100304826128598,39.15943262408877,188.29467062253505,3.4501003311948018,6.335370748857451,1.0,0.0270285076183155,False,2,503.8615675886376
qNEHVI-RFloop-seed808,72,Lx_9,Ldc3_2,754.8337156,22.864,4.891,18.017,lhs,0.5044667564372357,7.419991080805786,3.53389115024215,28.02551630193509,100.8769580801926,3.719305917075524,13.18579180347588,1.0,-0.0058978735786779,False,2,503.8615675886376
qNEHVI-RFloop-seed808,73,Lx_1,Ldc3_10,1119.743032,21.775,21.944,34.428,lhs,6.355152072940985,11.327324444570326,5.993470153002969,29.19435347299878,208.6266539536317,3.013835698149878,11.795132472075796,1.0,0.0194843613781045,False,2,503.8615675886376
qNEHVI-RFloop-seed808,74,Lx_14,Ldc3_6,730.552761,16.99,30.177,4.274,lhs,21.787807696033354,14.886047768348776,10.813977596259395,35.92049779596765,118.3779579873752,3.565219912370324,13.2447673576919,1.0,-0.0376008411115434,False,2,503.8615675886376
qNEHVI-RFloop-seed808,75,Lx_4,Ldc3_15,953.7266894,31.244,14.714,37.11,lhs,3.030185885548009,7.987953765687191,0.8123428035179293,28.102522024466523,197.211292888984,2.623359893252444,12.476700402052398,1.0,0.0335630306329234,False,2,503.8615675886376
qNEHVI-RFloop-seed808,76,Lx_2,Ldc3_15,1237.058699,9.305,12.093,14.138,lhs,3.03121104809008,8.20903756793101,-2.0786920704720613,26.56534073517964,207.98518505237263,2.4966217767107985,17.742998961174372,1.0,0.0317660044423376,False,2,503.8615675886376
qNEHVI-RFloop-seed808,77,Lx_13,Ldc3_7,679.7818819,20.036,27.904,25.711,lhs,15.55761655653605,13.847921695411369,9.467123604714349,36.0421312723698,115.34490351678792,3.3581641178204698,18.20619300524676,1.0,-0.1108469714340455,False,2,503.8615675886376
qNEHVI-RFloop-seed808,78,Lx_15,Ldc3_13,1269.90069,31.856,8.452,13.54,lhs,8.309630776213716,13.003010411098202,4.199347842599992,31.13390349472799,236.4753780592236,2.296020319812233,39.27698070693291,1.0,0.0840607529160471,False,2,503.8615675886376
qNEHVI-RFloop-seed808,79,Lx_2,Ldc3_7,855.0141799,16.248,16.725,21.974,lhs,12.891012140956809,12.54945069689407,8.346942412936292,32.12643515425963,136.43868060572018,3.289535127695149,8.348965972777641,1.0,-0.0320455356483862,False,2,503.8615675886376
qNEHVI-RFloop-seed808,80,Lx_6,Ldc3_13,720.4614194,13.004,31.076,19.16,lhs,27.97946269523936,16.80284510667927,11.65378157879952,39.06652663651823,170.04667957514638,2.609307013821968,8.861916627573299,1.0,0.0890093543201598,False,2,503.8615675886376
qNEHVI-RFloop-seed808,81,Lx_6,Ldc3_3,1020.23484,13.739,14.14,18.818,lhs,17.820068833186884,14.870179062324308,11.102987357964716,32.87564735604729,170.4553321608099,3.6379558655974913,11.9822991431932,1.0,0.0545574223335947,False,2,503.8615675886376
qNEHVI-RFloop-seed808,82,Lx_8,Ldc3_4,866.7362692,5.659,9.016,11.94,lhs,13.937685857361537,13.672609271305763,9.568275852534065,33.04783535765604,131.1769540767353,3.97443302293252,10.844861856044234,1.0,0.0171403834464452,False,2,503.8615675886376
qNEHVI-RFloop-seed808,83,Lx_12,Ldc3_16,967.7604338,18.464,21.275,12.967,lhs,16.85657435857599,13.735800843302028,13.068785056511707,28.895619045046324,138.34426788353068,2.187155738050896,37.10028692590431,1.0,0.0262913548819417,False,2,503.8615675886376
qNEHVI-RFloop-seed808,84,Lx_9,Ldc3_8,1192.085084,7.476,14.753,27.629,lhs,16.85283575809879,16.298631589278102,11.942692368803751,33.88832243318336,251.1641709515065,2.9701365396545527,22.96701130767168,1.0,0.1039071914928334,False,2,503.8615675886376
qNEHVI-RFloop-seed808,85,Lx_10,Ldc3_10,1252.387516,15.812,12.557,29.461,lhs,11.586427380031838,14.985123094035412,10.160913285400245,32.694857134534764,269.2668605565821,2.710803922695808,29.7032212745629,1.0,0.1052190520498592,False,2,503.8615675886376
qNEHVI-RFloop-seed808,86,Lx_8,Ldc3_17,1049.244365,3.83,27.103,24.681,lhs,23.77111620399269,16.61955084141791,7.229605146953769,35.69471113282519,192.0981049003716,2.288001234047699,23.314249292923343,1.0,0.0983525778704993,False,2,503.8615675886376
qNEHVI-RFloop-seed808,87,Lx_14,Ldc3_7,1113.50603,11.975,24.342,6.933,lhs,16.616785625643825,14.925131753507577,10.518195066222429,32.71920982638751,185.1505754203969,3.426503331098456,24.121667943641047,1.0,0.0326448313040487,False,2,503.8615675886376
qNEHVI-RFloop-seed808,88,Lx_16,Ldc3_10,1228.034096,17.883,25.472,11.482,lhs,8.599914195247008,12.629715110668418,6.846376290922366,30.2428968080122,209.37086258281025,3.0182836833268,39.0247631654536,1.0,0.0645765067957215,False,2,503.8615675886376
qNEHVI-RFloop-seed808,89,Lx_7,Ldc3_4,776.3989437,23.214,15.778,26.222,lhs,22.56809831588002,16.254743177329306,12.995225114504148,36.50964727514853,185.2952943690883,3.3072722515751933,10.424637048912263,1.0,0.0733896547474098,False,2,503.8615675886376
qNEHVI-RFloop-seed808,90,Lx_5,Ldc3_9,950.2394349,14.428,19.902,17.656,lhs,20.62929605312419,15.765739549253077,10.973472411810812,34.69839340495255,181.3148125381462,3.242691524103265,10.970398688826547,1.0,0.0533297399901626,False,2,503.8615675886376
qNEHVI-RFloop-seed808,91,Lx_15,Ldc3_1,1229.829954,8.723,20.489,29.688,lhs,5.017363019445319,11.161107854715231,7.962244135171059,28.14613450037433,255.39018332341297,3.7110073418313534,74.41208385201641,1.0,-0.0653593631235277,False,2,503.8615675886376
qNEHVI-RFloop-seed808,92,Lx_7,Ldc3_14,1095.965887,19.781,9.954,8.029,lhs,9.107386317131104,11.915673788001342,2.4230843003351583,30.104269796015824,167.2042453267295,2.7488936631198766,18.194660139831264,1.0,0.0221869104286836,False,2,503.8615675886376
qNEHVI-RFloop-seed808,93,Lx_12,Ldc3_2,1170.914246,28.485,20.735,28.313,lhs,17.503181715529305,16.4123306178156,13.174495301789126,33.87015924144039,247.8268793539737,3.208864165351139,38.19430977377007,1.0,-0.0030908741094124,False,2,503.8615675886376
qNEHVI-RFloop-seed808,94,Lx_11,Ldc3_14,825.0616619,8.002,12.165,10.583,lhs,26.656059245282187,15.431933974643222,8.051801270943411,35.71650677307684,129.85173328449525,3.174050742171361,12.237026591059552,1.0,0.0530124312746233,False,2,503.8615675886376
qNEHVI-RFloop-seed808,95,Lx_3,Ldc3_15,724.7174207,10.301,24.194,25.237,lhs,18.96061988318931,14.63454993626371,8.535636058994873,35.85445761360842,151.65347560917627,3.171286347196194,7.82610861240571,1.0,0.0062070921116697,False,2,503.8615675886376
qNEHVI-RFloop-seed808,96,Lx_3,Ldc3_5,1264.111536,2.074,15.353,25.928,lhs,6.998856160152251,12.050275446412815,7.940379497284657,28.955439953266826,224.5687388612877,3.390094543715964,14.256901184017885,1.0,0.0457371964461285,False,2,503.8615675886376
qNEHVI-RFloop-seed808,97,Lx_14,Ldc3_13,1133.758244,32.931,29.665,28.639,lhs,3.649716613987074,8.46164407736344,-0.7298307159982825,27.06049622787799,183.60278011808825,2.627372322805012,75.78539714363887,1.0,0.0295042583321238,False,2,503.8615675886376
qNEHVI-RFloop-seed808,98,Lx_2,Ldc3_12,992.5290389,4.998,23.379,23.605,lhs,16.780091887475127,13.822328813591952,5.681478607377255,32.22015160444264,141.80942965678244,3.2011599703023577,10.925998733836698,1.0,-0.0099407442766809,False,2,503.8615675886376
qNEHVI-RFloop-seed808,99,Lx_4,Ldc3_3,1120.464253,18.177,30.881,23.857,lhs,20.77548035762425,17.00922014927264,13.64337727390905,34.47593821429794,240.23036150500843,3.274932600291938,13.14377961983519,1.0,0.0898652226152374,False,2,503.8615675886376
qNEHVI-RFloop-seed808,100,Lx_8,Ldc3_2,1198.700586,6.597,4.585,29.969,lhs,0.8518376151114118,3.0570976426461014,-0.5951949638885988,20.280012678670023,200.20715985798188,3.6615569530891503,32.9632322318275,1.0,0.0575955262142896,False,2,503.8615675886376
qNEHVI-RFloop-seed808,101,Lx_9,Ldc3_2,720.8142760366615,8.413374471914697,23.346237884575896,18.154053581741586,opt,35.29885316801248,19.23279751861888,15.748965624143361,40.75304386890434,223.2226144467839,3.8585434247006813,9.42429828160882,1.0,0.09834300054065899,True,3,680.7325385817428
qNEHVI-RFloop-seed808,102,Lx_10,Ldc3_5,691.4189390455887,3.0404669197970113,19.323617719763124,17.19403911144598,opt,36.920733949945614,18.749834188670242,15.025728426241729,40.64250835004205,189.52680000938133,3.76435925115743,9.066119460117694,1.0,0.08452691941703211,False,3,680.7325385817428
qNEHVI-RFloop-seed808,103,Lx_7,Ldc3_6,797.626860907518,2.778851175724943,27.861781995184717,13.971043914537166,opt,36.555073489371914,18.43831638020091,14.737399985649327,38.69528841233166,177.22384039353292,3.3708204967704454,9.900537254431391,1.0,0.07654424875081142,False,3,680.7325385817428
qNEHVI-RFloop-seed808,104,Lx_11,Ldc3_1,640.0,3.3112148500166647,18.306332001273702,20.430106796893867,opt,21.9372673680741,18.56681638516015,15.412922926468049,42.61823668736396,282.13257632891185,4.362802649949247,9.457470552028107,1.0,0.16701182265715364,False,3,680.7325385817428
qNEHVI-RFloop-seed808,105,Lx_8,Ldc3_1,661.3696101368582,4.7947499446598645,23.64440239788155,22.725539170995113,opt,28.120315245368165,19.234134923775482,15.987408159138447,42.106489448404325,269.8740197437985,4.148028706942157,8.89440910438662,1.0,0.15215851771414993,True,4,680.7352371746292
qNEHVI-RFloop-seed808,106,Lx_7,Ldc3_2,645.077811738866,2.0,23.30880594973456,22.964116622361498,opt,28.868250490876374,18.57439535483045,15.498656994613215,41.63061904635319,232.10923523657885,4.042652652740172,8.342456382547706,1.0,0.17614493419840027,False,4,680.7352371746292
qNEHVI-RFloop-seed808,107,Lx_5,Ldc3_3,801.9932890553989,11.309853149454641,26.170072646791965,21.370581632691078,opt,33.46095261655415,18.307881956698917,14.85943992861841,38.243044296350874,187.44008514813584,3.291120257084307,9.180018399923362,1.0,0.07895790056542679,False,4,680.7352371746292
qNEHVI-RFloop-seed808,108,Lx_6,Ldc3_1,713.6975256694619,16.611141246033306,26.611996879930633,20.688093271283073,opt,38.91170117363341,19.089765311906252,15.781161882507092,40.1943958239307,195.51921125524015,3.455714576337496,8.248541453289276,1.0,0.09827382327102689,True,5,749.7036577095214
qNEHVI-RFloop-seed808,109,Lx_6,Ldc3_4,780.2399594349854,8.846492625048267,25.899693541293942,22.630633436929575,opt,35.33879967949135,18.832563410794997,15.448284054555051,39.1183430852443,202.0917664630577,3.114217547954581,9.505781700641197,1.0,0.1080208547612973,False,5,749.7036577095214
qNEHVI-RFloop-seed808,110,Lx_5,Ldc3_2,716.4565016029547,13.743399396802353,24.423008960512796,22.940655015661278,opt,35.316709414470665,18.27094614195437,14.862896602971471,39.120600941787025,175.96668303344748,3.348665759148192,8.020657891972663,1.0,0.11463787403866299,False,5,749.7036577095214
qNEHVI-RFloop-seed808,111,Lx_5,Ldc3_6,655.6691004861514,17.882235927916554,26.37147284872061,24.863776047702746,opt,25.62419111655323,17.74401054461219,14.597006875542816,39.51239293523605,212.58134256554436,3.0651255452453148,7.3893911319752075,1.0,0.1645861711816859,False,5,749.7036577095214
qNEHVI-RFloop-seed808,112,Lx_6,Ldc3_1,735.1553949142927,14.957874220340043,28.99827537791463,16.040664772474482,opt,38.3878892515714,18.939378292985097,15.531745719104482,39.8814005295311,190.99741902008816,3.7092719832237786,8.210281080437591,1.0,0.08267437922294381,True,6,749.7036577095214
qNEHVI-RFloop-seed808,113,Lx_6,Ldc3_2,785.0440857949336,14.411100617773034,25.787646425682073,21.953885748010705,opt,35.28033637582026,18.851844051469453,15.549658854800699,39.06639752571897,203.39053907629895,3.182362708026613,9.507515355409613,1.0,0.13381330598945557,True,7,749.7036577095214
qNEHVI-RFloop-seed808,114,Lx_10,Ldc3_2,713.7470115896605,8.240990806874334,14.55778336498148,16.703657368458337,opt,34.80902382863458,18.214443475852462,14.619786677295375,39.491488915276975,176.0393154555053,3.8545877585127966,9.177455878071228,1.0,0.06743884162482494,False,7,749.7036577095214
qNEHVI-RFloop-seed808,115,Lx_6,Ldc3_3,710.4367327641644,16.547265902210917,25.322965786955994,21.900009786237682,opt,33.343539418411474,18.49225182443146,15.161418324273562,39.56266533055067,196.90925564349521,3.0863088466905317,8.248202972872,1.0,0.14632352160020895,False,7,749.7036577095214
qNEHVI-RFloop-seed808,116,Lx_5,Ldc3_1,779.9630668909512,14.036587805091093,25.44514499019526,22.56322616180628,opt,35.232031344435434,18.611567264701897,15.348654922834335,38.7926900385698,191.94161954104803,3.463999831791524,8.978801517117947,1.0,0.12062978681531492,False,7,749.7036577095214
qNEHVI-RFloop-seed808,117,Lx_9,Ldc3_1,788.6663928074767,17.162317288763568,24.200756646878467,25.54287842536687,opt,33.85376211576113,19.64744574442758,16.275426104023097,40.304421407845574,270.8759844483182,3.4362616640531742,13.012086779048099,1.0,0.13442259653189842,True,8,761.9015185529848
qNEHVI-RFloop-seed808,118,Lx_6,Ldc3_4,806.3822944930026,7.7438130358852195,27.5088047533839,19.235491377578196,opt,36.32871034129837,18.79563428254252,15.331462795859089,38.846595706391575,194.80368912594088,3.238503783622736,9.517709924332094,1.0,0.09567198292876969,False,8,761.9015185529848
qNEHVI-RFloop-seed808,119,Lx_5,Ldc3_1,821.440268544942,15.08917608292482,26.61580153796757,20.163764537074105,opt,35.0892167014647,18.621274375940764,15.391651607426354,38.38583394802462,193.1860363262613,3.441797694373537,9.33896034914086,1.0,0.11388312881729606,False,8,761.9015185529848
qNEHVI-RFloop-seed808,120,Lx_5,Ldc3_4,751.7359635565762,13.688027633596217,23.733196835612443,20.871927918986227,opt,32.71882076835331,17.8736958834184,14.388994874024142,38.260969322983904,171.99672616553175,3.3523314610736827,8.27379420934454,1.0,0.08193603093029567,False,8,761.9015185529848
qNEHVI-RFloop-seed808,121,Lx_6,Ldc3_4,812.8455628351026,12.992995677824895,28.202002623008163,17.40135146483655,opt,35.537952877240016,18.6155975573173,15.146089669996462,38.56330923765425,190.479093437779,3.2548285262026315,9.41221256174523,1.0,0.10277388515369237,False,8,761.9015185529848
qNEHVI-RFloop-seed808,122,Lx_6,Ldc3_1,792.8304288437685,13.117158550590078,26.459972687572325,20.066838387661925,opt,36.56834627420238,19.047760253617447,15.796674034474165,39.22172460400158,205.91390843591245,3.4842625566725482,9.384370180091944,1.0,0.1326602173091257,True,9,761.9015185529848
qNEHVI-RFloop-seed808,123,Lx_6,Ldc3_2,863.5526304654837,12.245846249789219,28.479015393849934,18.745313656505733,opt,34.9541404331986,18.89486836911145,15.583013722782164,38.3729370538167,207.47519780491103,3.2845314867732482,10.41270726304552,1.0,0.11248228222559857,True,10,761.9015185529848
qNEHVI-RFloop-seed808,124,Lx_10,Ldc3_6,666.7557803317808,20.1674598867369,21.069542230464307,20.330021674987265,opt,38.44424782372829,18.55697474903463,15.158184768583912,40.84274998428215,185.92705313455482,2.785294450331559,9.526024859049576,1.0,0.06011532456550898,False,10,761.9015185529848
qNEHVI-RFloop-seed808,125,Lx_9,Ldc3_2,762.4153587630935,13.421607072086836,25.71447977005253,19.8321667151427,opt,36.01212837444045,19.368977486401054,15.914682061039644,40.334689363552755,226.21422448087694,3.473582980555062,10.734165662372398,1.0,0.08989799034429453,True,11,762.2974661273227
qNEHVI-RFloop-seed808,126,Lx_9,Ldc3_1,784.8973317006357,13.430279251484384,28.805140365983547,17.645042462114205,opt,36.36439288200677,19.496671687339212,16.038769495798856,40.11454994634999,243.16605509602076,3.733511667485273,10.789747332660543,1.0,0.11190187692470029,True,12,762.7164156560241
qNEHVI-RFloop-seed808,127,Lx_5,Ldc3_4,717.4989567517035,12.27163795286687,23.37629409515456,19.70401515783208,opt,35.321886001906286,17.860736032711923,14.281731734807398,38.623755605440245,158.80433207737187,3.373832248245091,7.6799529490963465,1.0,0.08208045830041374,False,12,762.7164156560241
qNEHVI-RFloop-seed808,128,Lx_6,Ldc3_1,702.0962407753287,16.239250071025296,25.64856546202173,23.55979167976312,opt,37.6701882451618,19.12619131247634,15.862676839318333,40.35658823870918,203.77615183527084,3.36153457664591,8.37099127468968,1.0,0.11716543154364284,True,13,762.7639805586668
qNEHVI-RFloop-seed808,129,Lx_9,Ldc3_4,745.471288839504,14.416733450042564,25.118290669143715,18.947361655345354,opt,37.93762022579119,19.15847241268777,15.647355249853206,40.23328934011359,203.94783744974984,3.217397130035987,10.097701303920243,1.0,0.07734295656218533,True,14,762.8245075456857
qNEHVI-RFloop-seed808,130,Lx_5,Ldc3_4,717.2828956643397,13.50773957624462,22.725036410324545,19.33651506982331,opt,34.321908291496555,17.694822484603435,14.115191603590949,38.442839691676014,156.75799426628183,3.394355900433264,7.625713655439448,1.0,0.0815734158409388,False,14,762.8245075456857
qNEHVI-RFloop-seed808,131,Lx_6,Ldc3_4,776.5565710777596,8.213165845443468,25.633271176709272,19.77972161459229,opt,36.556817693609574,18.64572460528597,15.163893251767842,38.952232440179735,186.5547335897366,3.262410205071337,9.0326539316517,1.0,0.09438292949588893,False,14,762.8245075456857
qNEHVI-RFloop-seed808,132,Lx_11,Ldc3_4,655.8446807048506,12.025008879456529,15.502426439236743,18.692002428629195,opt,38.47805460818766,18.61488588303608,15.064177000264342,40.736829531016866,175.8936571932672,3.3428761181264215,8.816426910740685,1.0,0.05525531617769593,False,14,762.8245075456857
qNEHVI-RFloop-seed808,133,Lx_5,Ldc3_2,676.0993879127375,12.953380451515224,23.476604641181847,24.49850695502527,opt,35.259615625714005,18.141181544937073,14.726350748401977,39.47074958631893,170.6447919709571,3.3926734333916513,7.51938382531507,1.0,0.1071027175957157,False,14,762.8245075456857
qNEHVI-RFloop-seed808,134,Lx_6,Ldc3_2,723.654776843424,11.822812688284072,24.941322263261952,21.75485760835143,opt,37.117319356423714,18.79666606830161,15.407660878369263,39.721611169287584,190.7133254990201,3.3754885374589447,8.446784281097461,1.0,0.12315408782253283,False,14,762.8245075456857
qNEHVI-RFloop-seed808,135,Lx_5,Ldc3_1,667.4606666750443,15.36896421187933,23.66080540716772,21.789223483118654,opt,37.54202128040065,18.27897851591571,14.892618775410185,39.86746169568383,165.86737808785966,3.6981574689001024,7.174506976171084,1.0,0.07302417108871403,False,14,762.8245075456857
qNEHVI-RFloop-seed808,136,Lx_6,Ldc3_2,692.5503497471207,6.490318792624777,20.909425356062542,36.12182456886639,opt,27.57626388044503,18.13822149701692,14.931333085402875,39.358054088197456,218.02912680451774,3.120286787516124,9.825187320889093,1.0,0.14960562870181543,False,14,762.8245075456857
qNEHVI-RFloop-seed808,137,Lx_5,Ldc3_1,727.7275050540263,12.73481206472874,25.54685656128344,20.574065400991053,opt,35.98422425787162,18.56427550091493,15.202996142145832,39.45282303554165,185.7432185701641,3.753081345319122,8.028868974031287,1.0,0.10607377011484934,False,14,762.8245075456857
qNEHVI-RFloop-seed808,138,Lx_6,Ldc3_4,697.3232961223632,11.345212903802997,23.977660436062155,18.361504657427425,opt,38.34683211247317,18.332440928103505,14.767681084393002,39.47479576304204,164.55945139789998,3.3476900628772372,7.6179666484068385,1.0,0.09501263649012953,False,14,762.8245075456857
qNEHVI-RFloop-seed808,139,Lx_6,Ldc3_2,642.4701929127991,13.512486704491181,25.546856854261275,25.912168742986267,opt,35.3099553418891,18.89028640547201,15.594495705121862,41.037993756211996,205.15294986135893,3.1040351035946907,7.711773058604481,1.0,0.13011365515067747,True,15,762.8245075456857
qNEHVI-RFloop-seed808,140,Lx_5,Ldc3_2,642.7669830499021,14.512757951258456,22.14093744172042,21.21615390215929,opt,36.61701998060441,17.758866073758398,14.255383084997806,39.568347734615735,149.31873217289058,3.5353465075816666,6.7219931358865335,1.0,0.06123725723863749,False,15,762.8245075456857
qNEHVI-RFloop-seed808,141,Lx_5,Ldc3_1,640.0047702929191,15.474912143325424,26.093941211558707,21.453625632402783,opt,39.034323596746326,18.63565782057285,15.24837427880432,40.73368541901034,174.27987794499242,3.6672116258101144,6.87236929453109,1.0,0.08102523188430188,False,15,762.8245075456857
qNEHVI-RFloop-seed808,142,Lx_5,Ldc3_2,640.0,15.820776200418866,20.743414154831033,24.506038607917986,opt,32.88692836231048,17.380979605848115,13.950566619479263,39.1012363743307,151.13014943368992,3.3931527894854887,6.834379230798053,1.0,0.06654093668840665,False,15,762.8245075456857
qNEHVI-RFloop-seed808,143,Lx_5,Ldc3_2,640.0,15.079024581322427,24.19737940593597,20.129055019378107,opt,38.05303838449895,18.094190230263806,14.618590691032347,40.02977160618616,156.27460647984205,3.487862258196794,6.700383714717212,1.0,0.06409312897049091,False,15,762.8245075456857
qNEHVI-RFloop-seed808,144,Lx_6,Ldc3_2,658.3433986716645,14.466668886591233,25.626653821763174,20.389453780698823,opt,38.92901390586596,18.729007591356282,15.32093762773951,40.56663027718628,178.82792634122276,3.36194446171172,7.3339944379667354,1.0,0.08337875743351389,False,15,762.8245075456857
qNEHVI-RFloop-seed808,145,Lx_5,Ldc3_1,645.9868959802027,17.172974792901655,24.40244734965529,25.836584402959957,opt,35.91017368367611,18.434735566614265,15.177948913328382,40.27307925028446,180.24636010694326,3.3608270242110385,7.261654307426768,1.0,0.09253946776271964,False,15,762.8245075456857
qNEHVI-RFloop-seed808,146,Lx_5,Ldc3_2,640.0,16.75754208825436,23.795573425438157,18.946897166511803,opt,37.65377448798005,17.93956649213046,14.459472297669135,39.87077253607281,151.94212409550636,3.4532711155293705,6.621936515942917,1.0,0.05061838725383975,False,15,762.8245075456857
qNEHVI-RFloop-seed808,147,Lx_5,Ldc3_2,640.1733309653071,14.645729468320306,26.925216654185103,22.106853136554083,opt,37.90905980817844,18.55240115417343,15.167185116229286,40.56535286258985,175.79458459106158,3.3388650388307726,6.953447482385341,1.0,0.09068009644851423,False,15,762.8245075456857
qNEHVI-RFloop-seed808,148,Lx_8,Ldc3_2,640.0,19.780503508540658,24.800492933709403,16.953984768557206,opt,39.14348182450712,18.81015995207727,15.404060405178182,41.290621002697414,181.44414447919237,3.2107962229637295,7.555987647035406,1.0,0.03875803208556706,False,15,762.8245075456857
qNEHVI-RFloop-seed808,149,Lx_5,Ldc3_2,640.2515677601162,15.005008104791584,23.68035418430029,20.306157146751953,opt,37.76402484966826,18.01644347847114,14.534196564932229,39.928126293141815,154.44119490295688,3.497933288098336,6.695105865713105,1.0,0.06283143421338372,False,15,762.8245075456857
qNEHVI-RFloop-seed808,150,Lx_6,Ldc3_2,645.104879402943,13.899277624741332,27.140422299915016,21.91016760356056,opt,38.444300278804114,18.96156215694825,15.591555129283158,41.09816270495382,191.76060228000213,3.2940133090279655,7.359629259400096,1.0,0.10101628823586556,True,16,762.8245075456857
qNEHVI-RFloop-seed808,151,Lx_9,Ldc3_4,642.9112432473353,16.762042530205942,21.448826985119794,19.18689756090218,opt,37.87232662835571,18.827497677672504,15.410149760922877,41.26122062339284,188.337274947081,3.0520173462464473,8.016743893621056,1.0,0.059070417327652745,False,16,762.8245075456857
qNEHVI-RFloop-seed808,152,Lx_5,Ldc3_2,692.8833580703287,12.626672239626945,26.06830455228376,20.885758019301218,opt,37.549957042728344,18.48029280610686,15.0259441161841,39.72985758871397,174.33358382845077,3.5085566992111623,7.574526779312423,1.0,0.10034872869781361,False,16,762.8245075456857
qNEHVI-RFloop-seed808,153,Lx_10,Ldc3_4,943.7260397273365,7.206331778375736,15.326456635933924,17.76466252821924,opt,36.03910018479678,18.25659727687404,14.68566608466605,36.98967855532175,184.85413767857705,3.4705306067524164,13.804733520283552,1.0,0.07066868901137212,False,16,762.8245075456857
qNEHVI-RFloop-seed808,154,Lx_7,Ldc3_4,688.233300707843,10.621414128290088,21.265319539843418,16.30554078966346,opt,39.09480840405494,18.268687200002866,14.640774340802515,39.65383773861937,158.87204051243944,3.4938662337899267,7.987573364887583,1.0,0.06470334682042633,False,16,762.8245075456857
qNEHVI-RFloop-seed808,155,Lx_9,Ldc3_4,729.4844986239348,12.175117264690837,22.355008378118427,19.665916437855138,opt,38.06691316225785,19.155032240263456,15.660893819550253,40.362810937921964,203.083770232201,3.2597470233992754,9.730759552988834,1.0,0.09006134172757209,True,17,762.8329460985073
qNEHVI-RFloop-seed808,156,Lx_6,Ldc3_2,640.0,14.275047988908826,27.58028367304986,21.697128501939172,opt,38.56891847182602,18.975363313158656,15.60783891009855,41.212622836267,191.79075456875583,3.2774962589368326,7.277556010113723,1.0,0.09896112304892365,True,18,762.8329460985073
qNEHVI-RFloop-seed808,157,Lx_9,Ldc3_2,807.159871035559,13.181535153942564,19.564046027113967,28.175811437072557,opt,30.381326377321155,19.254449226975808,16.04226020840106,39.66147043385114,260.7321471786544,3.0916212592046106,13.659516107616001,1.0,0.17616789689637558,True,19,762.8329460985073
qNEHVI-RFloop-seed808,158,Lx_5,Ldc3_2,644.6602809362681,16.6120530365584,26.609428092729203,20.6586897676952,opt,37.78772350410197,18.404416649586256,15.012255440339718,40.33122260144015,170.0065836202188,3.307169282925059,6.895314437153696,1.0,0.07518280611375346,False,19,762.8329460985073
qNEHVI-RFloop-seed808,159,Lx_9,Ldc3_4,782.9938045310735,12.350809021694495,20.17680163598908,20.046788460799906,opt,36.245886949571414,18.9865397497472,15.564405223057534,39.42698211597354,204.64430420940437,3.108747580985393,10.648120694144206,1.0,0.12788345771046158,True,20,762.8329460985073
qNEHVI-RFloop-seed808,160,Lx_6,Ldc3_2,784.8851757042903,12.264983768276425,22.154381382502287,25.461570630375224,opt,32.50133349405803,18.385924074657975,15.083560342493204,38.484372293154905,196.75302954732632,3.2300083532135813,9.729953979375905,1.0,0.10538383463426634,False,20,762.8329460985073
qNEHVI-RFloop-seed808,161,Lx_10,Ldc3_4,825.925393018826,12.619919510232753,16.053471080531722,20.321130501271217,opt,33.187076292813494,18.615446401423522,15.202759914175687,38.54427742622623,203.9644572711816,3.164604826473823,12.199527753824615,1.0,0.12861332606761225,False,20,762.8329460985073
qNEHVI-RFloop-seed808,162,Lx_7,Ldc3_2,665.2375562705068,17.631785874604862,24.061152629829202,20.19091092704645,opt,37.32135691868219,18.80528043371179,15.431040605280158,40.73857848068795,190.0739412878393,3.1993012661323372,8.197367124352375,1.0,0.0722114794663486,False,20,762.8329460985073
qNEHVI-RFloop-seed808,163,Lx_12,Ldc3_4,754.5353805549339,8.575949832738118,12.962778766295694,16.772959490382817,opt,35.949726349873856,18.29471757665155,14.63918137064868,39.01807288034227,173.89351190949733,3.423523179107558,10.826009067756672,1.0,0.065895173233609,False,20,762.8329460985073
qNEHVI-RFloop-seed808,164,Lx_9,Ldc3_4,708.5759512598011,13.070000883036752,22.66871588706758,18.5680760735246,opt,39.07786802400059,19.07796122523192,15.571782967534931,40.54223989250201,194.12457155337168,3.2757030156580718,9.14856034984024,1.0,0.07273951648376308,True,21,766.0030708267311
qNEHVI-RFloop-seed808,165,Lx_6,Ldc3_1,640.0,15.906819496314094,32.222923685972745,18.389616640176275,opt,40.607592563127085,19.30699754944027,15.882559168802754,41.76469348999885,197.59649902333834,3.6613424317963683,7.119005152692739,1.0,0.09053698106975029,True,22,796.0123440369744
qNEHVI-RFloop-seed808,166,Lx_5,Ldc3_4,736.8306068575477,10.005120678517095,22.754118598463002,22.824342370193417,opt,33.67972643181975,17.841137524470035,14.319981074190734,38.3525232900836,165.73043889745162,3.3473418770349976,8.177400405992312,1.0,0.06860432513305832,False,22,796.0123440369744
qNEHVI-RFloop-seed808,167,Lx_7,Ldc3_1,666.2588296462241,16.686592471131043,25.935882509840557,21.140676639281157,opt,38.09537030052871,19.306691402539705,15.91717922058912,41.384109034054376,210.61134522332293,3.508571164197645,8.44083996939639,1.0,0.08994657643256929,True,23,796.0123440369744
qNEHVI-RFloop-seed808,168,Lx_9,Ldc3_2,649.7650672340088,13.061827812092984,21.275260210075206,38.0,opt,21.679737602050402,18.101589713740744,14.164196211450927,41.73538276210445,295.0132742230225,3.433357497571933,13.44828645432587,1.0,0.13897821739119132,False,23,796.0123440369744
qNEHVI-RFloop-seed808,169,Lx_5,Ldc3_1,640.0,17.0513782195657,30.1537088747608,19.777346406042145,opt,40.29411666044285,18.95301203466321,15.573999019612932,41.17917988058187,182.5729805311052,3.579026294460217,6.8769711585634745,1.0,0.07971067345686299,True,24,796.0123440369744
qNEHVI-RFloop-seed808,170,Lx_7,Ldc3_4,691.1870151168126,14.27680980943795,23.7147482143934,19.560489833912776,opt,37.18792430113126,18.681971774885685,15.237917342690258,40.128520983897545,185.0387235978904,3.135778600306207,8.488723083492234,1.0,0.09164850554806635,False,24,796.0123440369744
qNEHVI-RFloop-seed808,171,Lx_7,Ldc3_4,753.064278679761,10.377586514670062,21.0259374689116,18.921814258734937,opt,36.2291696405243,18.374225351299923,14.839651189376724,38.93031128145788,175.99589309299688,3.2847637265446687,9.271914028847643,1.0,0.10554711199846536,False,24,796.0123440369744
qNEHVI-RFloop-seed808,172,Lx_7,Ldc3_1,645.8822372756607,17.33386950009215,28.618630326490674,19.101733849136135,opt,42.12547257686744,19.296357190073653,15.85833856862401,41.80130053432718,200.93385063529618,3.585843419765316,7.9296881459908795,1.0,0.10282248537551172,True,25,825.3018989537821
qNEHVI-RFloop-seed808,173,Lx_7,Ldc3_4,732.4805968496573,9.74951414548301,22.074838497319092,18.996803587795394,opt,37.33807174821672,18.56462146145968,15.021617086669183,39.41819119387007,179.02365339022109,3.3234222300374543,9.016325063161807,1.0,0.10722716025094525,False,25,825.3018989537821
qNEHVI-RFloop-seed808,174,Lx_5,Ldc3_2,703.3909741800817,17.229056685619838,26.85536651127119,19.868366111488353,opt,36.7510992467731,18.42367186345899,15.01527884015428,39.520292667137056,175.6392280977214,3.2993868884565356,7.680494376320126,1.0,0.09749215393486131,False,25,825.3018989537821
qNEHVI-RFloop-seed808,175,Lx_8,Ldc3_2,827.1800127507521,13.154612110270564,28.382329779532288,19.354044035171505,opt,35.639921757345064,19.380375957229642,16.05261641451357,39.496008663249924,229.21436578881233,3.281176636136335,11.446980102567263,1.0,0.12468636737474648,True,26,825.3018989537821
qNEHVI-RFloop-seed808,176,Lx_9,Ldc3_4,977.0876030800532,2.160958080416655,21.273696472869894,19.10065562776475,opt,31.768783824223352,18.967759468536997,15.569800399098803,37.63680531768745,232.40881024460003,3.3577550206464073,14.463627130678615,1.0,0.0900850900291231,True,27,825.3018989537821
qNEHVI-RFloop-seed808,177,Lx_7,Ldc3_4,701.5786004346442,13.131675129073892,23.327524906070682,19.3991777713443,opt,37.49392627150545,18.673464557339333,15.193679796556678,39.955766242026506,183.1432398236668,3.187905606436926,8.621739156912584,1.0,0.09514390076405455,False,27,825.3018989537821
qNEHVI-RFloop-seed808,178,Lx_5,Ldc3_2,690.2108840096158,13.722494672328978,27.771923965670798,22.58892018211501,opt,37.230325232493215,18.745608430960573,15.37096805845808,40.05818477255953,187.7548946282696,3.3286748664841164,7.766691164825892,1.0,0.11698430585764732,False,27,825.3018989537821
qNEHVI-RFloop-seed808,179,Lx_7,Ldc3_4,663.8521402821815,12.091848414917445,22.414478606949185,19.08513043996023,opt,38.617444627353706,18.55423017334997,15.04053328676519,40.32435273371746,172.6480301115584,3.288149287869914,7.900467902781036,1.0,0.07750700375845868,False,27,825.3018989537821
qNEHVI-RFloop-seed808,180,Lx_5,Ldc3_2,649.3152517335859,6.890896745578603,22.329085647051652,26.29862678018789,opt,32.731336515183095,17.92225637211169,14.512383565273902,39.76391747334501,174.0363596162831,3.8864969066747737,7.270198099801355,1.0,0.10708557040758787,False,27,825.3018989537821
qNEHVI-RFloop-seed808,181,Lx_5,Ldc3_1,650.8813954369518,17.482828617004905,29.28301728631104,19.80544887368668,opt,40.0844580815483,18.88059183492893,15.511757376045027,40.89258797526199,180.28612598591798,3.5578241414913583,7.005830485361678,1.0,0.07469315738750794,True,28,825.3018989537821
